bosta
   857.99994   847.99994    -0.50000     1.00000     2.00000    21    30.0
LO MagPE 30.000KE/1  Ex=1486.599eV WF=4.000eV Ck=XL Det=MCD Ent=6x12mm Exit=4mm
1832
1830
1847
1772
1770
1855
1867
1959
2200
2552
3182
3472
2813
1839
1425
1240
1257
1221
1179
1170
1161
   310.00009   304.50009    -0.50000     1.00000     2.00000    12    30.0
LO MagPE 30.000KE/1  Ex=1486.599eV WF=4.000eV Ck=XL Det=MCD Ent=6x12mm Exit=4mm
530
527
517
639
820
1276
2027
1927
907
369
248
209
   20.00000   0.00000    -1.00000     1.00000     1.00000    21    30.0
LO MagPE 30.000KE/1  Ex=1486.599eV WF=4.000eV Ck=XL Det=MCD Ent=6x12mm Exit=4mm
0.013403
-0.00780371
0.200768
0.47937
1.91934
2.87225
1.57992
0.338078
0.0294179
0.0903619
-0.0017536
-0.129656
-0.0667981
0.0181709
0.0831051
-0.0548248
-0.0638032
0.000708853
-0.0669854
-0.0827762
0.06125
   11.00000   00.00000    -1.00000     1.00000     1.00000    12    30.0
LO MagPE 30.000KE/1  Ex=1486.599eV WF=4.000eV Ck=XL Det=MCD Ent=6x12mm Exit=4mm
0.013403
-0.00780371
0.200768
0.47937
1.91934
2.87225
1.57992
0.338078
0.0294179
0.0903619
-0.0017536
-0.129656
